{
 "cells": [
  {
   "cell_type": "markdown",
   "id": "e100ed82",
   "metadata": {},
   "source": [
    "## Jun 23, 2022\n",
    "\n",
    "# Generate dense PanoDepth GT\n",
    "- Load config: `configs/papers/panodepth/train_ddad.yaml`\n",
    "- Use PanoDepth GT\n",
    "- Visualize flows (from Pano to Camera, from Pano to Camera by flow reversal)\n",
    "- Visualize synthesized depth on camera from pano and compair it with depth on camera\n",
    "    - LiDAR -> Proj on PanoSpace -> Compute flows to Camera -> Flow reversal -> Grid sampling of panodepth using reversed flow\n",
    "    - LiDAR -> Proj on Camera\n",
    "- (Optional) Synthesize RGB on Camera using depth by reversed flow"
   ]
  },
  {
   "cell_type": "code",
   "execution_count": 1,
   "id": "394fd353",
   "metadata": {},
   "outputs": [
    {
     "name": "stdout",
     "output_type": "stream",
     "text": [
      "/home/chungwoo/workspace/panodepth-vidar\n"
     ]
    }
   ],
   "source": [
    "%load_ext autoreload\n",
    "%autoreload 2\n",
    "\n",
    "import copy\n",
    "import os\n",
    "import torch\n",
    "import numpy as np\n",
    "import pythreejs as pjs\n",
    "import warnings\n",
    "warnings.filterwarnings('ignore')\n",
    "\n",
    "from matplotlib.cm import get_cmap\n",
    "from tqdm.notebook import tqdm\n",
    "from PIL import Image\n",
    "from IPython.core.display import display\n",
    "\n",
    "os.chdir('..')\n",
    "np.set_printoptions(precision=4)\n",
    "!pwd"
   ]
  },
  {
   "cell_type": "code",
   "execution_count": 2,
   "id": "0cf57d4c",
   "metadata": {},
   "outputs": [],
   "source": [
    "import numpy as np\n",
    "from collections import defaultdict\n",
    "\n",
    "import torch\n",
    "import torch.nn.functional as F\n",
    "\n",
    "from vidar.arch.losses.MultiCamPhotometricLoss import MultiCamPhotometricLoss\n",
    "from vidar.arch.losses.MultiViewPhotometricLoss import calc_smoothness\n",
    "from vidar.arch.networks.layers.panodepth.flow_reversal import FlowReversal\n",
    "from vidar.datasets.PanoCamOuroborosDataset import PANO_CAMERA_NAME\n",
    "from vidar.geometry.camera import Camera\n",
    "from vidar.geometry.camera_pano import PanoCamera\n",
    "from vidar.utils.config import cfg_has\n",
    "from vidar.utils.depth import inv2depth, depth2inv\n",
    "from vidar.utils.tensor import match_scales, make_same_resolution\n",
    "from vidar.utils.viz import viz_photo\n",
    "from vidar.utils.write import viz_depth"
   ]
  },
  {
   "cell_type": "code",
   "execution_count": 3,
   "id": "4ab7444d",
   "metadata": {},
   "outputs": [],
   "source": [
    "from vidar.utils.config import read_config\n",
    "\n",
    "config = read_config('configs/papers/panodepth/train_ddad_4.yaml')\n",
    "\n",
    "# Resize depth for easy debugging\n",
    "# config.datasets.train.augmentation.resize_supervision = True\n",
    "# config.datasets.train.dataloader.num_workers = 0\n",
    "config.datasets.validation.labels += ['lidar']\n",
    "config.datasets.validation.dataloader.batch_size = 1\n",
    "config.datasets.validation.dataloader.num_workers = 0"
   ]
  },
  {
   "cell_type": "code",
   "execution_count": 4,
   "id": "ae71d0d6",
   "metadata": {},
   "outputs": [
    {
     "name": "stdout",
     "output_type": "stream",
     "text": [
      "\u001b[2m\u001b[33m#### PanoCamOuroboros: \n",
      "\t 98 samples | context [-1,1] | cameras [1,5,6,7,8,9] | labels ['depth','pose','lidar']\n",
      "\t | augmentation Config(resize=[384,640]) | (PanoCam) panocam_56_0_150_z_-02_+02\u001b[0m\n",
      "\u001b[1m\u001b[2m\u001b[34m#### DataLoader (PanoCamOuroborosDataset, val): \n",
      "\t batch_size: 1 (x 1) | pin_memory: True | num_workers: 0 | shuffle: False\u001b[0m\n"
     ]
    }
   ],
   "source": [
    "from vidar.utils.setup import setup_dataset, setup_dataloader\n",
    "\n",
    "# dataset = setup_dataset(config.datasets.train, verbose=True)\n",
    "# dataloader = setup_dataloader(dataset, config.datasets.train.dataloader, 'train')\n",
    "\n",
    "dataset = setup_dataset(config.datasets.validation, verbose=True)\n",
    "dataloader = setup_dataloader(dataset, config.datasets.train.dataloader, 'val')"
   ]
  },
  {
   "cell_type": "code",
   "execution_count": 5,
   "id": "9690adb1",
   "metadata": {},
   "outputs": [
    {
     "data": {
      "text/plain": [
       "dict_keys(['camera_01', 'camera_05', 'camera_06', 'camera_07', 'camera_08', 'camera_09', 'idx', 'lidar_pointcloud', 'lidar_extrinsics', 'lidar_pose', 'camera_pano'])"
      ]
     },
     "execution_count": 5,
     "metadata": {},
     "output_type": "execute_result"
    }
   ],
   "source": [
    "batch_from_loader = next(iter(dataloader[0]))\n",
    "batch_from_loader.keys()"
   ]
  },
  {
   "cell_type": "code",
   "execution_count": 6,
   "id": "5ad8bb39",
   "metadata": {},
   "outputs": [
    {
     "name": "stdout",
     "output_type": "stream",
     "text": [
      "{'camera_01': {'idx': tensor([0]), 'tag': ['ouroboros'], 'filename': {0: ['000071/{}/CAMERA_01/1568648963795299']}, 'splitname': ['val_0000000000'], 'sensor_name': ['CAMERA_01'], 'rgb': {0: tensor([[[[1.0000, 1.0000, 1.0000,  ..., 1.0000, 1.0000, 1.0000],\n",
      "          [1.0000, 1.0000, 1.0000,  ..., 1.0000, 1.0000, 1.0000],\n",
      "          [1.0000, 1.0000, 1.0000,  ..., 1.0000, 1.0000, 1.0000],\n",
      "          ...,\n",
      "          [0.2941, 0.2196, 0.1412,  ..., 0.3490, 0.3373, 0.3451],\n",
      "          [0.1765, 0.1216, 0.1176,  ..., 0.3529, 0.3294, 0.3294],\n",
      "          [0.1373, 0.1412, 0.1412,  ..., 0.3451, 0.3255, 0.2941]],\n",
      "\n",
      "         [[1.0000, 1.0000, 1.0000,  ..., 1.0000, 1.0000, 1.0000],\n",
      "          [1.0000, 1.0000, 1.0000,  ..., 1.0000, 1.0000, 1.0000],\n",
      "          [1.0000, 1.0000, 1.0000,  ..., 1.0000, 1.0000, 1.0000],\n",
      "          ...,\n",
      "          [0.2863, 0.2157, 0.1412,  ..., 0.3412, 0.3294, 0.3333],\n",
      "          [0.1804, 0.1255, 0.1216,  ..., 0.3490, 0.3255, 0.3294],\n",
      "          [0.1412, 0.1451, 0.1451,  ..., 0.3412, 0.3294, 0.2941]],\n",
      "\n",
      "         [[1.0000, 1.0000, 1.0000,  ..., 1.0000, 1.0000, 1.0000],\n",
      "          [1.0000, 1.0000, 1.0000,  ..., 1.0000, 1.0000, 1.0000],\n",
      "          [1.0000, 1.0000, 1.0000,  ..., 1.0000, 1.0000, 1.0000],\n",
      "          ...,\n",
      "          [0.2902, 0.2392, 0.1765,  ..., 0.3529, 0.3569, 0.3451],\n",
      "          [0.1961, 0.1412, 0.1373,  ..., 0.3569, 0.3333, 0.3333],\n",
      "          [0.1569, 0.1608, 0.1608,  ..., 0.3451, 0.3255, 0.2941]]]]), -1: tensor([[[[1.0000, 1.0000, 1.0000,  ..., 1.0000, 1.0000, 1.0000],\n",
      "          [1.0000, 1.0000, 1.0000,  ..., 1.0000, 1.0000, 1.0000],\n",
      "          [1.0000, 1.0000, 1.0000,  ..., 1.0000, 1.0000, 1.0000],\n",
      "          ...,\n",
      "          [0.2784, 0.2745, 0.2824,  ..., 0.3216, 0.3412, 0.3294],\n",
      "          [0.2667, 0.2314, 0.1843,  ..., 0.3490, 0.3333, 0.3490],\n",
      "          [0.1843, 0.1647, 0.1373,  ..., 0.3529, 0.3608, 0.3647]],\n",
      "\n",
      "         [[1.0000, 1.0000, 1.0000,  ..., 1.0000, 1.0000, 1.0000],\n",
      "          [1.0000, 1.0000, 1.0000,  ..., 1.0000, 1.0000, 1.0000],\n",
      "          [1.0000, 1.0000, 1.0000,  ..., 1.0000, 1.0000, 1.0000],\n",
      "          ...,\n",
      "          [0.2784, 0.2745, 0.2784,  ..., 0.3255, 0.3373, 0.3255],\n",
      "          [0.2627, 0.2275, 0.1804,  ..., 0.3529, 0.3294, 0.3451],\n",
      "          [0.1804, 0.1608, 0.1333,  ..., 0.3569, 0.3569, 0.3608]],\n",
      "\n",
      "         [[1.0000, 1.0000, 1.0000,  ..., 1.0000, 1.0000, 1.0000],\n",
      "          [1.0000, 1.0000, 1.0000,  ..., 1.0000, 1.0000, 1.0000],\n",
      "          [1.0000, 1.0000, 1.0000,  ..., 1.0000, 1.0000, 1.0000],\n",
      "          ...,\n",
      "          [0.2824, 0.2784, 0.2824,  ..., 0.3373, 0.3451, 0.3333],\n",
      "          [0.2784, 0.2431, 0.1961,  ..., 0.3608, 0.3373, 0.3529],\n",
      "          [0.1961, 0.1765, 0.1490,  ..., 0.3647, 0.3647, 0.3686]]]]), 1: tensor([[[[1.0000, 1.0000, 1.0000,  ..., 1.0000, 1.0000, 1.0000],\n",
      "          [1.0000, 1.0000, 1.0000,  ..., 1.0000, 1.0000, 1.0000],\n",
      "          [1.0000, 1.0000, 1.0000,  ..., 1.0000, 1.0000, 1.0000],\n",
      "          ...,\n",
      "          [0.3216, 0.2745, 0.2078,  ..., 0.3529, 0.3333, 0.3373],\n",
      "          [0.2118, 0.1686, 0.1490,  ..., 0.3490, 0.3569, 0.3490],\n",
      "          [0.1490, 0.1529, 0.1569,  ..., 0.3451, 0.3725, 0.3686]],\n",
      "\n",
      "         [[1.0000, 1.0000, 1.0000,  ..., 1.0000, 1.0000, 1.0000],\n",
      "          [1.0000, 1.0000, 1.0000,  ..., 1.0000, 1.0000, 1.0000],\n",
      "          [1.0000, 1.0000, 1.0000,  ..., 1.0000, 1.0000, 1.0000],\n",
      "          ...,\n",
      "          [0.3216, 0.2706, 0.2039,  ..., 0.3490, 0.3373, 0.3412],\n",
      "          [0.2157, 0.1725, 0.1529,  ..., 0.3490, 0.3569, 0.3490],\n",
      "          [0.1529, 0.1569, 0.1608,  ..., 0.3451, 0.3686, 0.3647]],\n",
      "\n",
      "         [[1.0000, 1.0000, 1.0000,  ..., 1.0000, 1.0000, 1.0000],\n",
      "          [1.0000, 1.0000, 1.0000,  ..., 1.0000, 1.0000, 1.0000],\n",
      "          [1.0000, 1.0000, 1.0000,  ..., 1.0000, 1.0000, 1.0000],\n",
      "          ...,\n",
      "          [0.3294, 0.2784, 0.2157,  ..., 0.3569, 0.3451, 0.3490],\n",
      "          [0.2314, 0.1882, 0.1686,  ..., 0.3569, 0.3647, 0.3569],\n",
      "          [0.1686, 0.1725, 0.1765,  ..., 0.3529, 0.3765, 0.3725]]]])}, 'intrinsics': {0: tensor([[[723.1700,   0.0000, 313.4539],\n",
      "         [  0.0000, 689.3309, 185.9903],\n",
      "         [  0.0000,   0.0000,   1.0000]]])}, 'mask': tensor([[[[1., 1., 1.,  ..., 1., 1., 1.],\n",
      "          [1., 1., 1.,  ..., 1., 1., 1.],\n",
      "          [1., 1., 1.,  ..., 1., 1., 1.],\n",
      "          ...,\n",
      "          [1., 1., 1.,  ..., 1., 1., 1.],\n",
      "          [1., 1., 1.,  ..., 1., 1., 1.],\n",
      "          [1., 1., 1.,  ..., 1., 1., 1.]]]]), 'depth': {0: tensor([[[[0., 0., 0.,  ..., 0., 0., 0.],\n",
      "          [0., 0., 0.,  ..., 0., 0., 0.],\n",
      "          [0., 0., 0.,  ..., 0., 0., 0.],\n",
      "          ...,\n",
      "          [0., 0., 0.,  ..., 0., 0., 0.],\n",
      "          [0., 0., 0.,  ..., 0., 0., 0.],\n",
      "          [0., 0., 0.,  ..., 0., 0., 0.]]]])}, 'angle': {0: tensor([[[0., 0., 0.,  ..., 0., 0., 0.],\n",
      "         [0., 0., 0.,  ..., 0., 0., 0.],\n",
      "         [0., 0., 0.,  ..., 0., 0., 0.],\n",
      "         ...,\n",
      "         [0., 0., 0.,  ..., 0., 0., 0.],\n",
      "         [0., 0., 0.,  ..., 0., 0., 0.],\n",
      "         [0., 0., 0.,  ..., 0., 0., 0.]]])}, 'extrinsics': {0: tensor([[[ 0.0443, -0.9989, -0.0123,  0.2045],\n",
      "         [-0.0156,  0.0116, -0.9998,  1.5288],\n",
      "         [ 0.9989,  0.0445, -0.0150, -1.3988],\n",
      "         [ 0.0000,  0.0000,  0.0000,  1.0000]]]), -1: tensor([[[ 1.0000e+00, -1.1102e-16,  1.1102e-16, -5.1395e-08],\n",
      "         [ 1.1102e-16,  1.0000e+00,  6.1630e-33, -6.7419e-09],\n",
      "         [-1.1102e-16,  6.1630e-33,  1.0000e+00,  5.2805e-08],\n",
      "         [ 0.0000e+00,  0.0000e+00,  0.0000e+00,  1.0000e+00]]]), 1: tensor([[[ 1.0000e+00, -1.1102e-16,  1.1102e-16, -5.1395e-08],\n",
      "         [ 1.1102e-16,  1.0000e+00,  6.1630e-33, -6.7419e-09],\n",
      "         [-1.1102e-16,  6.1630e-33,  1.0000e+00,  5.2805e-08],\n",
      "         [ 0.0000e+00,  0.0000e+00,  0.0000e+00,  1.0000e+00]]])}, 'pose': {0: tensor([[[-4.3193e-02,  9.9905e-01, -6.3490e-03, -2.9605e+03],\n",
      "         [ 1.5300e-02, -5.6928e-03, -9.9987e-01,  6.1493e+01],\n",
      "         [-9.9895e-01, -4.3284e-02, -1.5040e-02,  1.4247e+03],\n",
      "         [ 0.0000e+00,  0.0000e+00,  0.0000e+00,  1.0000e+00]]]), -1: tensor([[[ 9.9999e-01,  7.3932e-04,  3.5000e-03,  2.9706e-02],\n",
      "         [-7.4288e-04,  1.0000e+00,  1.0141e-03, -6.9771e-03],\n",
      "         [-3.4993e-03, -1.0167e-03,  9.9999e-01,  5.7794e-01],\n",
      "         [ 0.0000e+00,  0.0000e+00,  0.0000e+00,  1.0000e+00]]]), 1: tensor([[[ 1.0000e+00, -1.8787e-03, -1.8791e-03, -2.4865e-02],\n",
      "         [ 1.8788e-03,  1.0000e+00,  5.8338e-05,  9.1503e-03],\n",
      "         [ 1.8790e-03, -6.1868e-05,  1.0000e+00, -5.8314e-01],\n",
      "         [ 0.0000e+00,  0.0000e+00,  0.0000e+00,  1.0000e+00]]])}, 'filename_context': [['000071/{}/CAMERA_01/1568648963695300'], ['000071/{}/CAMERA_01/1568648963895297']], 'raw_intrinsics': {0: tensor([[[2.1876e+03, 0.0000e+00, 9.4820e+02],\n",
      "         [0.0000e+00, 2.1829e+03, 5.8897e+02],\n",
      "         [0.0000e+00, 0.0000e+00, 1.0000e+00]]])}, 'pose_to_pano': {0: tensor([[[ 4.4335e-02, -1.5569e-02,  9.9890e-01,  8.5197e-01],\n",
      "         [ 9.9894e-01, -1.1580e-02, -4.4518e-02, -2.4886e-01],\n",
      "         [-1.2261e-02, -9.9981e-01, -1.5039e-02,  1.0010e-02],\n",
      "         [ 6.1088e-10, -2.2265e-10, -8.0953e-10,  1.0000e+00]]])}}, 'camera_05': {'idx': tensor([0]), 'tag': ['ouroboros'], 'filename': {0: ['000071/{}/CAMERA_05/1568648963795299']}, 'splitname': ['val_0000000000'], 'sensor_name': ['CAMERA_05'], 'rgb': {0: tensor([[[[1.0000, 1.0000, 1.0000,  ..., 1.0000, 1.0000, 1.0000],\n",
      "          [0.9961, 1.0000, 1.0000,  ..., 1.0000, 1.0000, 1.0000],\n",
      "          [0.9843, 0.9922, 1.0000,  ..., 1.0000, 1.0000, 1.0000],\n",
      "          ...,\n",
      "          [0.1843, 0.1608, 0.1137,  ..., 0.1373, 0.1490, 0.1608],\n",
      "          [0.1059, 0.0824, 0.0941,  ..., 0.1255, 0.1255, 0.1412],\n",
      "          [0.1216, 0.1098, 0.1176,  ..., 0.1255, 0.1255, 0.1176]],\n",
      "\n",
      "         [[1.0000, 1.0000, 1.0000,  ..., 1.0000, 1.0000, 1.0000],\n",
      "          [1.0000, 1.0000, 1.0000,  ..., 1.0000, 1.0000, 1.0000],\n",
      "          [1.0000, 1.0000, 1.0000,  ..., 1.0000, 1.0000, 1.0000],\n",
      "          ...,\n",
      "          [0.1882, 0.1608, 0.1098,  ..., 0.0706, 0.0863, 0.0980],\n",
      "          [0.1137, 0.0902, 0.1020,  ..., 0.0549, 0.0549, 0.0745],\n",
      "          [0.1373, 0.1255, 0.1294,  ..., 0.0549, 0.0549, 0.0471]],\n",
      "\n",
      "         [[1.0000, 1.0000, 1.0000,  ..., 1.0000, 1.0000, 1.0000],\n",
      "          [1.0000, 1.0000, 1.0000,  ..., 1.0000, 1.0000, 1.0000],\n",
      "          [0.9961, 1.0000, 1.0000,  ..., 1.0000, 1.0000, 1.0000],\n",
      "          ...,\n",
      "          [0.1608, 0.1529, 0.1137,  ..., 0.0863, 0.0824, 0.0902],\n",
      "          [0.0980, 0.0784, 0.0941,  ..., 0.0510, 0.0471, 0.0588],\n",
      "          [0.0980, 0.0863, 0.0902,  ..., 0.0431, 0.0431, 0.0353]]]]), -1: tensor([[[[1.0000, 1.0000, 1.0000,  ..., 1.0000, 1.0000, 1.0000],\n",
      "          [0.9922, 0.9961, 0.9961,  ..., 1.0000, 1.0000, 1.0000],\n",
      "          [0.9765, 0.9882, 0.9922,  ..., 1.0000, 1.0000, 1.0000],\n",
      "          ...,\n",
      "          [0.0745, 0.0863, 0.0980,  ..., 0.1451, 0.1373, 0.1373],\n",
      "          [0.0627, 0.0902, 0.1137,  ..., 0.1725, 0.1490, 0.1294],\n",
      "          [0.1137, 0.1373, 0.1529,  ..., 0.1490, 0.1490, 0.1294]],\n",
      "\n",
      "         [[1.0000, 1.0000, 1.0000,  ..., 1.0000, 1.0000, 1.0000],\n",
      "          [1.0000, 1.0000, 1.0000,  ..., 1.0000, 1.0000, 1.0000],\n",
      "          [1.0000, 1.0000, 1.0000,  ..., 1.0000, 1.0000, 1.0000],\n",
      "          ...,\n",
      "          [0.0510, 0.0667, 0.0706,  ..., 0.0706, 0.0627, 0.0667],\n",
      "          [0.0588, 0.0863, 0.1098,  ..., 0.1020, 0.0784, 0.0588],\n",
      "          [0.1176, 0.1373, 0.1529,  ..., 0.0784, 0.0784, 0.0588]],\n",
      "\n",
      "         [[1.0000, 1.0000, 1.0000,  ..., 1.0000, 1.0000, 1.0000],\n",
      "          [1.0000, 1.0000, 1.0000,  ..., 1.0000, 1.0000, 1.0000],\n",
      "          [0.9961, 1.0000, 1.0000,  ..., 1.0000, 1.0000, 1.0000],\n",
      "          ...,\n",
      "          [0.0745, 0.0824, 0.0824,  ..., 0.0902, 0.0784, 0.0706],\n",
      "          [0.0667, 0.0902, 0.1020,  ..., 0.1059, 0.0824, 0.0588],\n",
      "          [0.0980, 0.1255, 0.1451,  ..., 0.0745, 0.0784, 0.0588]]]]), 1: tensor([[[[1.0000, 1.0000, 1.0000,  ..., 1.0000, 1.0000, 1.0000],\n",
      "          [0.9961, 0.9961, 0.9961,  ..., 1.0000, 1.0000, 1.0000],\n",
      "          [0.9804, 0.9882, 0.9922,  ..., 1.0000, 1.0000, 1.0000],\n",
      "          ...,\n",
      "          [0.2039, 0.1451, 0.1333,  ..., 0.2824, 0.2431, 0.2000],\n",
      "          [0.1098, 0.1176, 0.1020,  ..., 0.1843, 0.2275, 0.2196],\n",
      "          [0.0980, 0.1098, 0.1216,  ..., 0.1333, 0.1765, 0.2431]],\n",
      "\n",
      "         [[1.0000, 1.0000, 1.0000,  ..., 1.0000, 1.0000, 1.0000],\n",
      "          [1.0000, 1.0000, 1.0000,  ..., 1.0000, 1.0000, 1.0000],\n",
      "          [1.0000, 1.0000, 0.9961,  ..., 1.0000, 1.0000, 1.0000],\n",
      "          ...,\n",
      "          [0.2039, 0.1451, 0.1333,  ..., 0.2275, 0.1882, 0.1451],\n",
      "          [0.0980, 0.1098, 0.0941,  ..., 0.1176, 0.1647, 0.1529],\n",
      "          [0.0824, 0.1020, 0.1137,  ..., 0.0706, 0.1059, 0.1765]],\n",
      "\n",
      "         [[1.0000, 1.0000, 1.0000,  ..., 1.0000, 1.0000, 1.0000],\n",
      "          [1.0000, 1.0000, 1.0000,  ..., 1.0000, 1.0000, 1.0000],\n",
      "          [1.0000, 1.0000, 1.0000,  ..., 1.0000, 1.0000, 1.0000],\n",
      "          ...,\n",
      "          [0.1961, 0.1373, 0.1255,  ..., 0.2549, 0.2157, 0.1686],\n",
      "          [0.1059, 0.1098, 0.0941,  ..., 0.1373, 0.1843, 0.1725],\n",
      "          [0.0980, 0.1098, 0.1137,  ..., 0.0863, 0.1216, 0.1922]]]])}, 'intrinsics': {0: tensor([[[354.8732,   0.0000, 314.5523],\n",
      "         [  0.0000, 338.5064, 193.7347],\n",
      "         [  0.0000,   0.0000,   1.0000]]])}, 'mask': tensor([[[[1., 1., 1.,  ..., 1., 1., 1.],\n",
      "          [1., 1., 1.,  ..., 1., 1., 1.],\n",
      "          [1., 1., 1.,  ..., 1., 1., 1.],\n",
      "          ...,\n",
      "          [1., 1., 1.,  ..., 0., 0., 0.],\n",
      "          [1., 1., 1.,  ..., 0., 0., 0.],\n",
      "          [1., 1., 1.,  ..., 0., 0., 0.]]]]), 'depth': {0: tensor([[[[0., 0., 0.,  ..., 0., 0., 0.],\n",
      "          [0., 0., 0.,  ..., 0., 0., 0.],\n",
      "          [0., 0., 0.,  ..., 0., 0., 0.],\n",
      "          ...,\n",
      "          [0., 0., 0.,  ..., 0., 0., 0.],\n",
      "          [0., 0., 0.,  ..., 0., 0., 0.],\n",
      "          [0., 0., 0.,  ..., 0., 0., 0.]]]])}, 'angle': {0: tensor([[[0., 0., 0.,  ..., 0., 0., 0.],\n",
      "         [0., 0., 0.,  ..., 0., 0., 0.],\n",
      "         [0., 0., 0.,  ..., 0., 0., 0.],\n",
      "         ...,\n",
      "         [0., 0., 0.,  ..., 0., 0., 0.],\n",
      "         [0., 0., 0.,  ..., 0., 0., 0.],\n",
      "         [0., 0., 0.,  ..., 0., 0., 0.]]])}, 'extrinsics': {0: tensor([[[ 8.0312e-01, -5.9582e-01, -4.6504e-04, -1.0203e+00],\n",
      "         [-7.2860e-03, -9.0406e-03, -9.9993e-01,  1.5420e+00],\n",
      "         [ 5.9577e-01,  8.0307e-01, -1.1602e-02, -1.0702e+00],\n",
      "         [ 0.0000e+00,  0.0000e+00,  0.0000e+00,  1.0000e+00]]]), -1: tensor([[[ 1.0000e+00, -1.1102e-16,  0.0000e+00,  1.2558e-08],\n",
      "         [ 1.1102e-16,  1.0000e+00,  0.0000e+00,  5.8485e-08],\n",
      "         [ 0.0000e+00,  0.0000e+00,  1.0000e+00, -2.6552e-08],\n",
      "         [ 0.0000e+00,  0.0000e+00,  0.0000e+00,  1.0000e+00]]]), 1: tensor([[[ 1.0000e+00, -1.1102e-16,  0.0000e+00,  1.2558e-08],\n",
      "         [ 1.1102e-16,  1.0000e+00,  0.0000e+00,  5.8485e-08],\n",
      "         [ 0.0000e+00,  0.0000e+00,  1.0000e+00, -2.6552e-08],\n",
      "         [ 0.0000e+00,  0.0000e+00,  0.0000e+00,  1.0000e+00]]])}, 'pose': {0: tensor([[[ 0.6309, -0.0191,  0.7756, -0.0246],\n",
      "         [ 0.0212,  0.9997,  0.0074,  0.0196],\n",
      "         [-0.7756,  0.0118,  0.6312, -0.0389],\n",
      "         [ 0.0000,  0.0000,  0.0000,  1.0000]]]), -1: tensor([[[ 9.9999e-01, -3.5685e-04,  3.2762e-03,  4.6761e-01],\n",
      "         [ 3.5289e-04,  1.0000e+00,  1.2110e-03, -2.0819e-03],\n",
      "         [-3.2766e-03, -1.2098e-03,  9.9999e-01,  3.4245e-01],\n",
      "         [ 0.0000e+00,  0.0000e+00,  0.0000e+00,  1.0000e+00]]]), 1: tensor([[[ 1.0000, -0.0014, -0.0017, -0.4685],\n",
      "         [ 0.0014,  1.0000, -0.0016,  0.0043],\n",
      "         [ 0.0017,  0.0016,  1.0000, -0.3491],\n",
      "         [ 0.0000,  0.0000,  0.0000,  1.0000]]])}, 'filename_context': [['000071/{}/CAMERA_05/1568648963695300'], ['000071/{}/CAMERA_05/1568648963895297']], 'raw_intrinsics': {0: tensor([[[1.0735e+03, 0.0000e+00, 9.5152e+02],\n",
      "         [0.0000e+00, 1.0719e+03, 6.1349e+02],\n",
      "         [0.0000e+00, 0.0000e+00, 1.0000e+00]]])}, 'pose_to_pano': {0: tensor([[[ 8.0312e-01, -7.2859e-03,  5.9577e-01,  9.0825e-01],\n",
      "         [ 5.9582e-01,  9.0406e-03, -8.0307e-01, -2.6546e-01],\n",
      "         [-4.6495e-04, -9.9993e-01, -1.1602e-02,  2.9018e-02],\n",
      "         [-2.8343e-09,  6.0548e-08, -2.5655e-09,  1.0000e+00]]])}}, 'camera_06': {'idx': tensor([0]), 'tag': ['ouroboros'], 'filename': {0: ['000071/{}/CAMERA_06/1568648963795299']}, 'splitname': ['val_0000000000'], 'sensor_name': ['CAMERA_06'], 'rgb': {0: tensor([[[[1.0000, 1.0000, 1.0000,  ..., 1.0000, 1.0000, 1.0000],\n",
      "          [1.0000, 1.0000, 1.0000,  ..., 1.0000, 1.0000, 1.0000],\n",
      "          [1.0000, 1.0000, 1.0000,  ..., 1.0000, 1.0000, 1.0000],\n",
      "          ...,\n",
      "          [0.2627, 0.2471, 0.1216,  ..., 0.1922, 0.1882, 0.1843],\n",
      "          [0.2510, 0.1961, 0.1020,  ..., 0.1843, 0.1922, 0.1843],\n",
      "          [0.2275, 0.1412, 0.1020,  ..., 0.1882, 0.1922, 0.1882]],\n",
      "\n",
      "         [[1.0000, 1.0000, 1.0000,  ..., 1.0000, 1.0000, 1.0000],\n",
      "          [1.0000, 1.0000, 1.0000,  ..., 1.0000, 1.0000, 1.0000],\n",
      "          [1.0000, 1.0000, 1.0000,  ..., 1.0000, 1.0000, 1.0000],\n",
      "          ...,\n",
      "          [0.3020, 0.2784, 0.1294,  ..., 0.2000, 0.1961, 0.1922],\n",
      "          [0.2902, 0.2039, 0.0667,  ..., 0.1922, 0.2000, 0.1922],\n",
      "          [0.2588, 0.1216, 0.0471,  ..., 0.1961, 0.2000, 0.1922]],\n",
      "\n",
      "         [[1.0000, 1.0000, 1.0000,  ..., 1.0000, 1.0000, 1.0000],\n",
      "          [1.0000, 1.0000, 1.0000,  ..., 1.0000, 1.0000, 1.0000],\n",
      "          [1.0000, 1.0000, 1.0000,  ..., 1.0000, 1.0000, 1.0000],\n",
      "          ...,\n",
      "          [0.3294, 0.2980, 0.1333,  ..., 0.2000, 0.1961, 0.1961],\n",
      "          [0.2980, 0.1922, 0.0549,  ..., 0.1922, 0.2000, 0.1922],\n",
      "          [0.2549, 0.0941, 0.0235,  ..., 0.1961, 0.2000, 0.1961]]]]), -1: tensor([[[[1.0000, 1.0000, 1.0000,  ..., 1.0000, 1.0000, 1.0000],\n",
      "          [1.0000, 1.0000, 1.0000,  ..., 1.0000, 1.0000, 1.0000],\n",
      "          [1.0000, 1.0000, 1.0000,  ..., 1.0000, 1.0000, 1.0000],\n",
      "          ...,\n",
      "          [0.2706, 0.2392, 0.1216,  ..., 0.1882, 0.1843, 0.1765],\n",
      "          [0.2510, 0.1882, 0.1020,  ..., 0.1686, 0.1765, 0.1804],\n",
      "          [0.2235, 0.1373, 0.1098,  ..., 0.1686, 0.1647, 0.1647]],\n",
      "\n",
      "         [[1.0000, 1.0000, 1.0000,  ..., 1.0000, 1.0000, 1.0000],\n",
      "          [1.0000, 1.0000, 1.0000,  ..., 1.0000, 1.0000, 1.0000],\n",
      "          [1.0000, 1.0000, 1.0000,  ..., 1.0000, 1.0000, 1.0000],\n",
      "          ...,\n",
      "          [0.3176, 0.2824, 0.1216,  ..., 0.1882, 0.1843, 0.1765],\n",
      "          [0.2980, 0.2078, 0.0706,  ..., 0.1686, 0.1765, 0.1804],\n",
      "          [0.2627, 0.1294, 0.0471,  ..., 0.1686, 0.1647, 0.1647]],\n",
      "\n",
      "         [[1.0000, 1.0000, 1.0000,  ..., 1.0000, 1.0000, 1.0000],\n",
      "          [1.0000, 1.0000, 1.0000,  ..., 1.0000, 1.0000, 1.0000],\n",
      "          [1.0000, 1.0000, 1.0000,  ..., 1.0000, 1.0000, 1.0000],\n",
      "          ...,\n",
      "          [0.3451, 0.3059, 0.1373,  ..., 0.1882, 0.1843, 0.1765],\n",
      "          [0.3098, 0.2000, 0.0588,  ..., 0.1686, 0.1765, 0.1804],\n",
      "          [0.2627, 0.1098, 0.0314,  ..., 0.1686, 0.1647, 0.1647]]]]), 1: tensor([[[[1.0000, 1.0000, 1.0000,  ..., 1.0000, 1.0000, 1.0000],\n",
      "          [1.0000, 1.0000, 1.0000,  ..., 1.0000, 1.0000, 1.0000],\n",
      "          [1.0000, 1.0000, 1.0000,  ..., 1.0000, 1.0000, 1.0000],\n",
      "          ...,\n",
      "          [0.2824, 0.2471, 0.1333,  ..., 0.1765, 0.1922, 0.2275],\n",
      "          [0.2667, 0.2039, 0.1098,  ..., 0.2078, 0.1961, 0.2039],\n",
      "          [0.2431, 0.1451, 0.1176,  ..., 0.1882, 0.1882, 0.1961]],\n",
      "\n",
      "         [[1.0000, 1.0000, 1.0000,  ..., 1.0000, 1.0000, 1.0000],\n",
      "          [1.0000, 1.0000, 1.0000,  ..., 1.0000, 1.0000, 1.0000],\n",
      "          [1.0000, 1.0000, 1.0000,  ..., 1.0000, 1.0000, 1.0000],\n",
      "          ...,\n",
      "          [0.3255, 0.2902, 0.1333,  ..., 0.1804, 0.1961, 0.2314],\n",
      "          [0.3098, 0.2235, 0.0706,  ..., 0.2118, 0.2000, 0.2078],\n",
      "          [0.2824, 0.1373, 0.0510,  ..., 0.1922, 0.1922, 0.2000]],\n",
      "\n",
      "         [[1.0000, 1.0000, 1.0000,  ..., 1.0000, 1.0000, 1.0000],\n",
      "          [1.0000, 1.0000, 1.0000,  ..., 1.0000, 1.0000, 1.0000],\n",
      "          [1.0000, 1.0000, 1.0000,  ..., 1.0000, 1.0000, 1.0000],\n",
      "          ...,\n",
      "          [0.3608, 0.3098, 0.1294,  ..., 0.1882, 0.2039, 0.2392],\n",
      "          [0.3294, 0.2157, 0.0588,  ..., 0.2196, 0.2078, 0.2157],\n",
      "          [0.2902, 0.1137, 0.0314,  ..., 0.2000, 0.2000, 0.2078]]]])}, 'intrinsics': {0: tensor([[[351.9514,   0.0000, 309.4356],\n",
      "         [  0.0000, 335.7513, 189.5276],\n",
      "         [  0.0000,   0.0000,   1.0000]]])}, 'mask': tensor([[[[1., 1., 1.,  ..., 1., 1., 1.],\n",
      "          [1., 1., 1.,  ..., 1., 1., 1.],\n",
      "          [1., 1., 1.,  ..., 1., 1., 1.],\n",
      "          ...,\n",
      "          [0., 0., 0.,  ..., 1., 1., 1.],\n",
      "          [0., 0., 0.,  ..., 1., 1., 1.],\n",
      "          [0., 0., 0.,  ..., 1., 1., 1.]]]]), 'depth': {0: tensor([[[[0., 0., 0.,  ..., 0., 0., 0.],\n",
      "          [0., 0., 0.,  ..., 0., 0., 0.],\n",
      "          [0., 0., 0.,  ..., 0., 0., 0.],\n",
      "          ...,\n",
      "          [0., 0., 0.,  ..., 0., 0., 0.],\n",
      "          [0., 0., 0.,  ..., 0., 0., 0.],\n",
      "          [0., 0., 0.,  ..., 0., 0., 0.]]]])}, 'angle': {0: tensor([[[0., 0., 0.,  ..., 0., 0., 0.],\n",
      "         [0., 0., 0.,  ..., 0., 0., 0.],\n",
      "         [0., 0., 0.,  ..., 0., 0., 0.],\n",
      "         ...,\n",
      "         [0., 0., 0.,  ..., 0., 0., 0.],\n",
      "         [0., 0., 0.,  ..., 0., 0., 0.],\n",
      "         [0., 0., 0.,  ..., 0., 0., 0.]]])}, 'extrinsics': {0: tensor([[[-0.7863, -0.6179,  0.0023,  0.9622],\n",
      "         [-0.0119,  0.0114, -0.9999,  1.5132],\n",
      "         [ 0.6178, -0.7862, -0.0163, -1.2486],\n",
      "         [ 0.0000,  0.0000,  0.0000,  1.0000]]]), -1: tensor([[[ 1.0000e+00, -1.1102e-16, -5.5511e-17,  4.0139e-09],\n",
      "         [ 1.1102e-16,  1.0000e+00, -3.0815e-33, -4.7851e-08],\n",
      "         [ 5.5511e-17, -3.0815e-33,  1.0000e+00, -3.6757e-08],\n",
      "         [ 0.0000e+00,  0.0000e+00,  0.0000e+00,  1.0000e+00]]]), 1: tensor([[[ 1.0000e+00, -1.1102e-16, -5.5511e-17,  4.0139e-09],\n",
      "         [ 1.1102e-16,  1.0000e+00, -3.0815e-33, -4.7851e-08],\n",
      "         [ 5.5511e-17, -3.0815e-33,  1.0000e+00, -3.6757e-08],\n",
      "         [ 0.0000e+00,  0.0000e+00,  0.0000e+00,  1.0000e+00]]])}, 'pose': {0: tensor([[[ 5.8226e-01,  2.7358e-03, -8.1300e-01, -3.0455e-01],\n",
      "         [ 4.6562e-04,  9.9999e-01,  3.6985e-03, -1.0526e-02],\n",
      "         [ 8.1300e-01, -2.5321e-03,  5.8226e-01, -5.9146e-01],\n",
      "         [ 0.0000e+00,  0.0000e+00,  0.0000e+00,  1.0000e+00]]]), -1: tensor([[[ 9.9999e-01,  1.2250e-03,  3.3760e-03, -4.5113e-01],\n",
      "         [-1.2249e-03,  1.0000e+00, -1.1570e-05, -5.2355e-03],\n",
      "         [-3.3760e-03,  7.4349e-06,  9.9999e-01,  3.5975e-01],\n",
      "         [ 0.0000e+00,  0.0000e+00,  0.0000e+00,  1.0000e+00]]]), 1: tensor([[[ 1.0000, -0.0011, -0.0018,  0.4588],\n",
      "         [ 0.0011,  1.0000,  0.0017,  0.0083],\n",
      "         [ 0.0018, -0.0017,  1.0000, -0.3595],\n",
      "         [ 0.0000,  0.0000,  0.0000,  1.0000]]])}, 'filename_context': [['000071/{}/CAMERA_06/1568648963695300'], ['000071/{}/CAMERA_06/1568648963895297']], 'raw_intrinsics': {0: tensor([[[1.0647e+03, 0.0000e+00, 9.3604e+02],\n",
      "         [0.0000e+00, 1.0632e+03, 6.0017e+02],\n",
      "         [0.0000e+00, 0.0000e+00, 1.0000e+00]]])}, 'pose_to_pano': {0: tensor([[[-7.8626e-01, -1.1892e-02,  6.1778e-01,  9.8590e-01],\n",
      "         [ 6.1789e-01, -1.1427e-02,  7.8618e-01,  4.0441e-01],\n",
      "         [ 2.2900e-03, -9.9986e-01, -1.6333e-02, -9.5654e-03],\n",
      "         [-1.3177e-08, -4.0548e-08, -3.3116e-08,  1.0000e+00]]])}}, 'camera_07': {'idx': tensor([0]), 'tag': ['ouroboros'], 'filename': {0: ['000071/{}/CAMERA_07/1568648963795299']}, 'splitname': ['val_0000000000'], 'sensor_name': ['CAMERA_07'], 'rgb': {0: tensor([[[[0.0510, 0.0549, 0.0549,  ..., 1.0000, 1.0000, 1.0000],\n",
      "          [0.0510, 0.0549, 0.0588,  ..., 1.0000, 1.0000, 1.0000],\n",
      "          [0.0588, 0.0627, 0.0627,  ..., 1.0000, 1.0000, 1.0000],\n",
      "          ...,\n",
      "          [0.2157, 0.2196, 0.2157,  ..., 0.1294, 0.1333, 0.1333],\n",
      "          [0.2039, 0.2118, 0.2118,  ..., 0.1255, 0.1412, 0.1333],\n",
      "          [0.2000, 0.2039, 0.2078,  ..., 0.1137, 0.1333, 0.1373]],\n",
      "\n",
      "         [[0.0471, 0.0510, 0.0510,  ..., 1.0000, 1.0000, 1.0000],\n",
      "          [0.0471, 0.0510, 0.0549,  ..., 1.0000, 1.0000, 1.0000],\n",
      "          [0.0549, 0.0588, 0.0588,  ..., 1.0000, 1.0000, 1.0000],\n",
      "          ...,\n",
      "          [0.2196, 0.2235, 0.2196,  ..., 0.1333, 0.1373, 0.1294],\n",
      "          [0.2078, 0.2157, 0.2157,  ..., 0.1294, 0.1451, 0.1294],\n",
      "          [0.2039, 0.2078, 0.2118,  ..., 0.1176, 0.1333, 0.1333]],\n",
      "\n",
      "         [[0.0588, 0.0627, 0.0667,  ..., 1.0000, 1.0000, 1.0000],\n",
      "          [0.0627, 0.0667, 0.0706,  ..., 1.0000, 1.0000, 1.0000],\n",
      "          [0.0706, 0.0745, 0.0745,  ..., 1.0000, 1.0000, 1.0000],\n",
      "          ...,\n",
      "          [0.2667, 0.2706, 0.2667,  ..., 0.1412, 0.1451, 0.1373],\n",
      "          [0.2549, 0.2627, 0.2627,  ..., 0.1373, 0.1529, 0.1373],\n",
      "          [0.2510, 0.2549, 0.2588,  ..., 0.1255, 0.1412, 0.1412]]]]), -1: tensor([[[[0.0510, 0.0549, 0.0549,  ..., 1.0000, 1.0000, 1.0000],\n",
      "          [0.0510, 0.0549, 0.0588,  ..., 1.0000, 1.0000, 1.0000],\n",
      "          [0.0588, 0.0627, 0.0627,  ..., 1.0000, 1.0000, 1.0000],\n",
      "          ...,\n",
      "          [0.2118, 0.2157, 0.2157,  ..., 0.2078, 0.2000, 0.1961],\n",
      "          [0.2078, 0.2118, 0.2118,  ..., 0.2078, 0.1882, 0.1843],\n",
      "          [0.2039, 0.2078, 0.2078,  ..., 0.1961, 0.1922, 0.1882]],\n",
      "\n",
      "         [[0.0471, 0.0510, 0.0510,  ..., 1.0000, 1.0000, 1.0000],\n",
      "          [0.0471, 0.0510, 0.0549,  ..., 1.0000, 1.0000, 1.0000],\n",
      "          [0.0549, 0.0588, 0.0588,  ..., 1.0000, 1.0000, 1.0000],\n",
      "          ...,\n",
      "          [0.2157, 0.2196, 0.2196,  ..., 0.2235, 0.2157, 0.1961],\n",
      "          [0.2118, 0.2157, 0.2157,  ..., 0.2314, 0.2078, 0.1843],\n",
      "          [0.2078, 0.2118, 0.2118,  ..., 0.2196, 0.2118, 0.1882]],\n",
      "\n",
      "         [[0.0588, 0.0627, 0.0667,  ..., 1.0000, 1.0000, 1.0000],\n",
      "          [0.0627, 0.0667, 0.0706,  ..., 1.0000, 1.0000, 1.0000],\n",
      "          [0.0706, 0.0745, 0.0745,  ..., 1.0000, 1.0000, 1.0000],\n",
      "          ...,\n",
      "          [0.2627, 0.2667, 0.2667,  ..., 0.2431, 0.2353, 0.2196],\n",
      "          [0.2588, 0.2627, 0.2627,  ..., 0.2549, 0.2314, 0.2118],\n",
      "          [0.2549, 0.2588, 0.2588,  ..., 0.2471, 0.2392, 0.2157]]]]), 1: tensor([[[[0.0471, 0.0510, 0.0549,  ..., 1.0000, 0.7059, 0.3490],\n",
      "          [0.0471, 0.0510, 0.0588,  ..., 0.9765, 0.5137, 0.3255],\n",
      "          [0.0549, 0.0588, 0.0627,  ..., 0.5725, 0.4667, 0.7294],\n",
      "          ...,\n",
      "          [0.2118, 0.2118, 0.2157,  ..., 0.0824, 0.1059, 0.1216],\n",
      "          [0.2078, 0.2078, 0.2118,  ..., 0.0863, 0.0980, 0.1020],\n",
      "          [0.2039, 0.2039, 0.2078,  ..., 0.0902, 0.0902, 0.0863]],\n",
      "\n",
      "         [[0.0431, 0.0471, 0.0510,  ..., 0.9804, 0.6706, 0.3647],\n",
      "          [0.0431, 0.0471, 0.0549,  ..., 0.9569, 0.4784, 0.3294],\n",
      "          [0.0510, 0.0549, 0.0588,  ..., 0.5725, 0.4588, 0.7216],\n",
      "          ...,\n",
      "          [0.2157, 0.2157, 0.2196,  ..., 0.0784, 0.1020, 0.1216],\n",
      "          [0.2118, 0.2118, 0.2157,  ..., 0.0824, 0.0941, 0.0980],\n",
      "          [0.2078, 0.2078, 0.2118,  ..., 0.0863, 0.0863, 0.0824]],\n",
      "\n",
      "         [[0.0549, 0.0588, 0.0667,  ..., 0.9765, 0.8471, 0.6157],\n",
      "          [0.0588, 0.0627, 0.0706,  ..., 0.9843, 0.7059, 0.5647],\n",
      "          [0.0667, 0.0706, 0.0745,  ..., 0.7412, 0.6824, 0.8196],\n",
      "          ...,\n",
      "          [0.2627, 0.2627, 0.2667,  ..., 0.0863, 0.1098, 0.1255],\n",
      "          [0.2588, 0.2588, 0.2627,  ..., 0.0902, 0.1020, 0.1059],\n",
      "          [0.2549, 0.2549, 0.2588,  ..., 0.0941, 0.0941, 0.0941]]]])}, 'intrinsics': {0: tensor([[[351.2377,   0.0000, 315.5840],\n",
      "         [  0.0000, 335.4729, 190.4175],\n",
      "         [  0.0000,   0.0000,   1.0000]]])}, 'mask': tensor([[[[0., 0., 0.,  ..., 1., 1., 1.],\n",
      "          [0., 0., 0.,  ..., 1., 1., 1.],\n",
      "          [0., 0., 0.,  ..., 1., 1., 1.],\n",
      "          ...,\n",
      "          [0., 0., 0.,  ..., 0., 0., 0.],\n",
      "          [0., 0., 0.,  ..., 0., 0., 0.],\n",
      "          [0., 0., 0.,  ..., 0., 0., 0.]]]]), 'depth': {0: tensor([[[[0., 0., 0.,  ..., 0., 0., 0.],\n",
      "          [0., 0., 0.,  ..., 0., 0., 0.],\n",
      "          [0., 0., 0.,  ..., 0., 0., 0.],\n",
      "          ...,\n",
      "          [0., 0., 0.,  ..., 0., 0., 0.],\n",
      "          [0., 0., 0.,  ..., 0., 0., 0.],\n",
      "          [0., 0., 0.,  ..., 0., 0., 0.]]]])}, 'angle': {0: tensor([[[0., 0., 0.,  ..., 0., 0., 0.],\n",
      "         [0., 0., 0.,  ..., 0., 0., 0.],\n",
      "         [0., 0., 0.,  ..., 0., 0., 0.],\n",
      "         ...,\n",
      "         [0., 0., 0.,  ..., 0., 0., 0.],\n",
      "         [0., 0., 0.,  ..., 0., 0., 0.],\n",
      "         [0., 0., 0.,  ..., 0., 0., 0.]]])}, 'extrinsics': {0: tensor([[[ 8.3278e-01,  5.5358e-01, -5.0989e-03, -1.1541e+00],\n",
      "         [-3.5343e-03, -3.8938e-03, -9.9999e-01,  1.4923e+00],\n",
      "         [-5.5359e-01,  8.3279e-01, -1.2862e-03,  2.8495e-01],\n",
      "         [ 0.0000e+00,  0.0000e+00,  0.0000e+00,  1.0000e+00]]]), -1: tensor([[[ 1.0000e+00, -5.5511e-17, -5.5511e-17,  7.7183e-09],\n",
      "         [ 5.5511e-17,  1.0000e+00,  1.1102e-16, -8.9507e-09],\n",
      "         [ 5.5511e-17, -1.1102e-16,  1.0000e+00,  5.3906e-08],\n",
      "         [ 0.0000e+00,  0.0000e+00,  0.0000e+00,  1.0000e+00]]]), 1: tensor([[[ 1.0000e+00, -5.5511e-17, -5.5511e-17,  7.7183e-09],\n",
      "         [ 5.5511e-17,  1.0000e+00,  1.1102e-16, -8.9507e-09],\n",
      "         [ 5.5511e-17, -1.1102e-16,  1.0000e+00,  5.3906e-08],\n",
      "         [ 0.0000e+00,  0.0000e+00,  0.0000e+00,  1.0000e+00]]])}, 'pose': {0: tensor([[[-0.5159, -0.0014,  0.8567,  0.1626],\n",
      "         [ 0.0162,  0.9998,  0.0114, -0.0235],\n",
      "         [-0.8565,  0.0198, -0.5157, -0.2987],\n",
      "         [ 0.0000,  0.0000,  0.0000,  1.0000]]]), -1: tensor([[[ 9.9999e-01, -1.2526e-03,  3.2804e-03,  4.8164e-01],\n",
      "         [ 1.2523e-03,  1.0000e+00,  9.7880e-05, -1.4868e-04],\n",
      "         [-3.2805e-03, -9.3771e-05,  9.9999e-01, -3.2329e-01],\n",
      "         [ 0.0000e+00,  0.0000e+00,  0.0000e+00,  1.0000e+00]]]), 1: tensor([[[ 1.0000,  0.0010, -0.0017, -0.4877],\n",
      "         [-0.0010,  1.0000, -0.0018,  0.0017],\n",
      "         [ 0.0017,  0.0018,  1.0000,  0.3221],\n",
      "         [ 0.0000,  0.0000,  0.0000,  1.0000]]])}, 'filename_context': [['000071/{}/CAMERA_07/1568648963695300'], ['000071/{}/CAMERA_07/1568648963895297']], 'raw_intrinsics': {0: tensor([[[1.0625e+03, 0.0000e+00, 9.5464e+02],\n",
      "         [0.0000e+00, 1.0623e+03, 6.0299e+02],\n",
      "         [0.0000e+00, 0.0000e+00, 1.0000e+00]]])}, 'pose_to_pano': {0: tensor([[[ 8.3278e-01, -3.5344e-03, -5.5359e-01,  5.6415e-01],\n",
      "         [-5.5358e-01,  3.8939e-03, -8.3279e-01, -4.0740e-01],\n",
      "         [-5.0989e-03, -9.9999e-01, -1.2862e-03, -1.3203e-02],\n",
      "         [-2.9044e-08, -4.8460e-08, -3.2729e-09,  1.0000e+00]]])}}, 'camera_08': {'idx': tensor([0]), 'tag': ['ouroboros'], 'filename': {0: ['000071/{}/CAMERA_08/1568648963795299']}, 'splitname': ['val_0000000000'], 'sensor_name': ['CAMERA_08'], 'rgb': {0: tensor([[[[1.0000, 1.0000, 1.0000,  ..., 0.0667, 0.0627, 0.0627],\n",
      "          [1.0000, 1.0000, 1.0000,  ..., 0.0667, 0.0667, 0.0667],\n",
      "          [1.0000, 1.0000, 1.0000,  ..., 0.0667, 0.0667, 0.0667],\n",
      "          ...,\n",
      "          [0.0549, 0.0588, 0.0627,  ..., 0.2588, 0.2667, 0.2667],\n",
      "          [0.0549, 0.0588, 0.0588,  ..., 0.2510, 0.2549, 0.2588],\n",
      "          [0.0549, 0.0588, 0.0588,  ..., 0.2431, 0.2510, 0.2549]],\n",
      "\n",
      "         [[1.0000, 1.0000, 1.0000,  ..., 0.0667, 0.0627, 0.0627],\n",
      "          [1.0000, 1.0000, 1.0000,  ..., 0.0667, 0.0667, 0.0667],\n",
      "          [1.0000, 1.0000, 1.0000,  ..., 0.0667, 0.0667, 0.0667],\n",
      "          ...,\n",
      "          [0.0510, 0.0549, 0.0588,  ..., 0.2863, 0.2941, 0.2941],\n",
      "          [0.0510, 0.0549, 0.0549,  ..., 0.2784, 0.2824, 0.2863],\n",
      "          [0.0510, 0.0549, 0.0549,  ..., 0.2706, 0.2784, 0.2824]],\n",
      "\n",
      "         [[1.0000, 1.0000, 1.0000,  ..., 0.0941, 0.0902, 0.0902],\n",
      "          [1.0000, 1.0000, 1.0000,  ..., 0.0941, 0.0941, 0.0941],\n",
      "          [1.0000, 1.0000, 1.0000,  ..., 0.0941, 0.0941, 0.0941],\n",
      "          ...,\n",
      "          [0.0667, 0.0706, 0.0745,  ..., 0.3569, 0.3647, 0.3647],\n",
      "          [0.0667, 0.0706, 0.0706,  ..., 0.3490, 0.3529, 0.3569],\n",
      "          [0.0627, 0.0667, 0.0667,  ..., 0.3373, 0.3451, 0.3490]]]]), -1: tensor([[[[1.0000, 1.0000, 1.0000,  ..., 0.0667, 0.0667, 0.0667],\n",
      "          [1.0000, 1.0000, 1.0000,  ..., 0.0667, 0.0627, 0.0627],\n",
      "          [1.0000, 1.0000, 1.0000,  ..., 0.0667, 0.0627, 0.0627],\n",
      "          ...,\n",
      "          [0.0549, 0.0549, 0.0549,  ..., 0.2588, 0.2667, 0.2706],\n",
      "          [0.0549, 0.0549, 0.0549,  ..., 0.2510, 0.2549, 0.2588],\n",
      "          [0.0549, 0.0549, 0.0549,  ..., 0.2471, 0.2510, 0.2549]],\n",
      "\n",
      "         [[1.0000, 1.0000, 1.0000,  ..., 0.0667, 0.0667, 0.0667],\n",
      "          [1.0000, 1.0000, 1.0000,  ..., 0.0667, 0.0627, 0.0627],\n",
      "          [1.0000, 1.0000, 1.0000,  ..., 0.0667, 0.0627, 0.0627],\n",
      "          ...,\n",
      "          [0.0510, 0.0510, 0.0510,  ..., 0.2863, 0.2941, 0.2980],\n",
